# id	file_path	transparent_color_r	g	b
[TEXTURES]
10	textures\enemies.png	3	26	110
30	textures\enemy.png	3	26	110
40	textures\objects.png	255	0	255
50	textures\items.png	255	0	255
60	textures\Objectsub.png	116	116	116
70	textures\scene3.png	116	116	116

# id	left	top	right	bottom	texture_id	isFlipImage	position(x)	position(y)
[SPRITES]
#================HIDEBRICK===============
40000	0	0	16	16	70		0		0		0
40001	120	0	136	16	70		0		0		0		

#================SPEAR KNIGHT===============
#Spear Knight Right
14011	7	100	23	132	30		0		0		0
14012	35	100	51	132	30		0		0		0
14013	64	100	78	132	30		0		0		0
#Spear Knight Left
14014	7	100	23	132	30		1		0		0
14015	35	100	51	132	30		1		0		0
14016	64	100	78	132	30		1		2		0

#================BAT===============
#Bat Sleep
14110	92	71	106	86	30		0		0		0
#Bat Fly Right
14111	115	72	132	86	30		1		0		0
14112	142	74	159	84	30		1		0		0
14113	168	70	185	86	30		1		0		0
#Bat Fly Left
14114	115	72	132	86	30		0		0		0
14115	142	74	159	84	30		0		0		0
14116	168	70	185	86	30		0		0		0

#=================TORCH===============
11001	47	25	64	56	40		0		0		0
11002	74	23	91	56	40		0		0		0

#=================CANDLE===============
11003	15	31	25	47	40		0		0		0
11004	29	30	39	47	40		0		0		0

#=================HEART===============
12001	123	58	136	69	50		0		0		0

#=================SMALL HEART===============
12011	125	39	134	47	50		0		0		0

#=================WHIP UPGRADE===============
18001	43	42	61	60	50		0		0		0

#=================MONEY BAG===============
20011	376	44	392	56	50		0		0		0

#=============BRIDGE=====================
19051	63	68	96	77	60		0		0		0

#============= CrownItem ===============
40010	69	35	84	51	60		0		0		0
40011	86	35	101	51	60		0		0		0
40012	103	35	118	51	60		0		0		0
40013	120	35	135	51	60		0		0		0

#============= Rocks ===============
90014	56	69	63	77	60		0		0		0

# ani_id	sprite1_id	time1	sprite2_id	time2	...
[ANIMATIONS]
# ==== HIDE BRICK =======
790	40000	100
791	40001	100

#============ Crown_Item ===============
795	40010	100	40011	100	40012	100	40013	100

#============= ROCKS ===============
796	90014	100

# ==== SPEAR KNIGHT =======
#SPEAR KNIGHT RIGHT
411	14011	100	14012	100	14013	100
#SPEAR KNIGHT	LEFT
412	14014	100	14015	100	14016	100

# ==== BAT =======
#BAT SLEEP
420	14110	100
#BAT FLY RIGHT
421	14111	100	14112	100	14113	100
#BAT FLY LEFT
422	14114	100	14115	100	14116	100

# id	ani1	ani2	ani3

# ==== TORCH =======
501	11001	100	11002	100

# ==== CANDLE =======
502	11003	100	11004	100

# ==== HEART =======
701	12001	100

# ==== SMALL HEART =======
702	12011	100

# ==== WHIP UPGRADE =======
801	18001	100

# ==== BRIDGE =======
951	19051	100

# ==== MONEY BAG =======
704	20011	100

[ANIMATION_SETS]
# ZOMBIE
4	401	402
# TORCH
5	501	901
# HEART
6	701
# WHIP UPGRADE
7	801
# CANDLE
8	502	901
# SPEAR KNIGHT
9	411	412
# SMALL HEART
10	702
# BAT
11	420	421	422	901
# BRIDGE
12	951
# STAIR
13	601
# AREAACTIVE
14	601
# AREASWITCHCAM
15	601