# id	file_path	transparent_color_r	g	b
[TEXTURES]
10	textures\enemies.png	3	26	110
30	textures\enemy.png	3	26	110
40	textures\objects.png	255	0	255
50	textures\items.png	255	0	255
60	textures\Objectsub.png	116	116	116

# id	left	top	right	bottom	texture_id	isFlipImage	position(x)	position(y)
[SPRITES]
#=================CANDLE===============
11003	15	31	25	47	40		0		0		0
11004	29	30	39	47	40		0		0		0

#=================HEART===============
12001	123	58	136	69	50		0		0		0

#=================SMALL HEART===============
12011	125	39	134	47	50		0		0		0

#=================DAGGER===============
13001	176	39	195	48	50		0		0		0
#Left
13011	176	39	195	48	50		1		0		0

#=================WHIP UPGRADE===============
18001	43	42	61	60	50		0		0		0

#=================MONEY BAG===============
20011	376	44	392	56	50		0		0		0
#WHITE
20061	377	92	392	106	50		0		0		0
#BLUE
20071	377	68	392	83	50		0		0		0

#=================BOOMERANG ITEM===============
20021	264	38	281	52	50		0		0		0

#=================BOOMERANG WEAPON===============
#BOOMERANG RIGHT
20022	290	38	306	52	50		0		0		0
20023	315	38	330	52	50		0		0		0
#BOOMERANG LEFT
20024	264	38	281	52	50		1		0		0
20025	290	38	306	52	50		1		0		0
20026	315	38	330	52	50		1		0		0

#=================AXE ITEM===============
20031	224	38	240	52	50		0		0		0

#=================AXE WEAPON===============
#AXE RIGHT
20032	223	88	240	102	50		0		0		0
20033	224	113	240	126	50		0		0		0
#AXE LEFT
20034	224	38	240	52	50		1		0		0
20035	223	88	240	102	50		1		0		0
20036	224	113	240	126	50		1		0		0

#=================HOLY WATER===============
20041	101	105	114	121	50		0		0		0

#=================HOLY WATER WEAPON===============
#HOLY WATER RIGHT
20042	132	112	141	121	50		1		0		0
#HOLY WATER LEFT
20043	132	112	141	121	50		0		0		0
#HOLY WATER FIRE
20044	135	130	142	143	50		0		3		0
20045	130	154	147	168	50		0		0		0

#=================FIRE DESTROY===============
19001	14	78	23	89	40		0		5		-20
19002	33	77	38	89	40		0		5		-15
19003	43	78	49	89	40		0		5		-15
19004	45	78	64	89	40		0		2		-15

#=============BRIDGE=====================
19051	63	68	96	77	60		0		0		0

# ani_id	sprite1_id	time1	sprite2_id	time2	...
[ANIMATIONS]
# id	ani1	ani2	ani3

# ==== CANDLE =======
502	11003	100	11004	100

# ==== HEART =======
701	12001	100

# ==== SMALL HEART =======
702	12011	100

# ==== DAGGER =======
703	13001	100

# ==== WHIP UPGRADE =======
801	18001	100

# ==== FIRE DESTROY =======
901	19001	100	19002	100	19003	100	19004	100

# ==== BRIDGE =======
951	19051	100

# ==== MONEY BAG =======
704	20011	100
#WHITE
707	20061	100
#BLUE
708	20071	100
# ==== AXE ITEM =======
706	20031	100

# ==== HOLY WATER ITEM =======
710	20041	100

# ==== WEAPON ========
#DAGGER LEFT
1001	13011	100

#BOOMERANG RIGHT
1011	20021	100	20022	100	20023	100
1012	20024	100	20025	100	20026	100

#AXE
1021	20031	100	20032	100	20033	100
1022	20034	100	20035	100	20036	100

#BOOMERANG RIGHT
1011	20021	100	20022	100	20023	100
1012	20024	100	20025	100	20026	100

#HOLY WATER
1031 	20042	100
1032 	20043	100
1033 	20044	100	20045	100

[ANIMATION_SETS]
# HEART
6	701
# WHIP UPGRADE
7	801
# CANDLE
8	502	901
# SMALL HEART
10	702
# STAIR
13	601
# AREAACTIVE
14	601
# AREASWITCHCAM
15	601