[INFOOBJECTSGENERAL]
#path
info-objects_general.txt

[INFOOBJECTS]
#path
info-objects_scene3.txt

[OBJECTS]
# Objecttype	x	y	ani_set_id	extra_settings per object type
# Object type in Visual: 0 = Mario , 1 = Brick, 2 = Goomba, 5 = Zombie, 6 = Torch
# SIMON defaul 730 380.Test up 150 53.  x 730 test 230 y 380 up to stair x 150 y 280. 
0	730	380	1

#BRICK
1	739	3	2	29	63
1	739	113	2	29	63	
1	740	191	2	27	96
1	674	339	2	94	28
1	768	284	2	14	57
1	130	355	2	543	12
1	418	306	2	32	16
1	290	306	2	32	16
1	97	273	2	97	16
1	0	191	2	33	175
1	0	0	2	33	175
1	3	306	2	32	16
1	129	79	2	32	32
1	65	144	2	32	16
1	226	81	2	32	16
1	163	144	2	158	16
1	354	144	2	32	16
1	417	112	2	32	16
1	452	143	2	32	16
1	481	95	2	32	16
1	546	81	2	32	16
1	483	160	2	64	16
1	611	145	2	64	16
1	674	128	2	32	16
1	706	96	2	32	16
1	65	338	2	65	16
1	33	306	2	32	16
1	33	144	2	32	32
1	739	0	2	29	63

#CANDLE
11	731	308	8	12	12	27
11	670	325	8	12	12	20
11	606	325	8	12	12	20
11	543	325	8	12	12	29
11	476	325	8	12	12	20
11	415	325	8	12	12	20
11	351	325	8	12	12	20
11	287	325	8	12	12	20
11	222	325	8	12	12	20
11	93	309	8	12	12	20
11	157	243	8	12	12	21
11	157	50	8	12	12	21
11	222	115	8	12	12	20
11	283	115	8	12	12	20
11	346	115	8	12	12	20
11	418	82	8	12	12	26
11	477	130	8	12	12	20
11	538	130	8	12	12	20
11	605	116	8	12	12	25
11	667	116	8	12	12	20
11	730	68	8	12	12	28

#STAIR
9	148	266	13	18	5	-1	1	135
9	53	138	13	5	5	1	1	64
9	72	140	13	10	2	-1	-1	32
9	121	74	13	18	5	1	-1	64
9	376	137	13	18	5	1	1	32
9	409	106	13	18	5	1	-1	32
9	575	76	13	18	5	-1	-1	64
9	628	139	13	18	5	-1	1	64

#AREASWITCHCAM
90	56	182	15	18	5	3	85	20

#FLEAMAN
20	430 	353	20	20	10	10
20	300 	353	20	20	10	10
20	175 	273	20	20	10	10

#SKELETON
21	50 	353	21	20	10	10	1
21	640 	53	21	20	10	10	-1
21	370 	53	21	20	10	10	-1

#GHOST
22	170 	90	22	20	-1
22	180	140	22	20	1

#RAVEN
23	273 	90	23	20	10	10
23	418	140	23	20	10	10
23	480 	108	23	20	10	10
23	520 	220	23	20	10	10

# --- SCENE PORTAL ----
# type	l	t	ani_set_id	r	b	scene_id
50	754	132	0	800	170	4	

[MAP]
#tileset + tilemap + mapobjects
textures\scene3.json